# oST version 5.0 parameters


[image]

width
640

height
480

[narrow_stereo]

camera matrix
512.330504 0.000000 333.617446
0.000000 511.914145 239.037867
0.000000 0.000000 1.000000

distortion
0.006277 -0.072165 -0.002370 0.001790 0.000000

rectification
1.000000 0.000000 0.000000
0.000000 1.000000 0.000000
0.000000 0.000000 1.000000

projection
507.486325 0.000000 335.351958 0.000000
0.000000 510.827108 238.201769 0.000000
0.000000 0.000000 1.000000 0.000000
